%YAML:1.0
---
camera_matrix: !!opencv-matrix
   rows: 3
   cols: 3
   dt: d
   data: [ 1.2802908827001359e+03, 0., 6.9755595625299145e+02, 0.,
       1.2696882465354072e+03, 2.7258350829339355e+02, 0., 0., 1. ]
dist_coeff: !!opencv-matrix
   rows: 14
   cols: 1
   dt: d
   data: [ -9.9311497931653392e-01, -8.8153865205010522e+00,
       1.1014221656385883e-02, -6.9073384671094976e-03,
       -1.2748321568467425e+01, -2.8246400873875738e-01,
       -9.7575857705563269e+00, -2.0340597923880122e+01, 0., 0., 0., 0.,
       0., 0. ]
